0 0.22145270270270273 0.6162162162162163 0.047635135135135155 0.10450450450450446
0 0.2918918918918919 0.5837837837837837 0.03040540540540544 0.14054054054054055
0 0.34307432432432433 0.5864864864864865 0.05979729729729733 0.2900900900900901
0 0.48800675675675675 0.6072072072072072 0.09020270270270267 0.3603603603603603
0 0.571114864864865 0.5729729729729729 0.051689189189189196 0.3639639639639639
0 0.6157094594594595 0.5891891891891892 0.06182432432432435 0.3675675675675676
0 0.7363175675675677 0.5837837837837838 0.09628378378378372 0.4
0 0.8280405405405407 0.6 0.030405405405405473 0.13333333333333322
0 0.8756756756756758 0.5900900900900901 0.03243243243243242 0.17117117117117117
0 0.9278716216216217 0.5414414414414415 0.14290540540540547 0.6684684684684686
