0 0.048648648648648665 0.6036036036036037 0.056756756756756774 0.2918918918918919
0 0.08564189189189189 0.5927927927927928 0.04763513513513514 0.2882882882882882
0 0.15202702702702706 0.6594594594594595 0.04662162162162163 0.1945945945945946
0 0.2645270270270271 0.5909909909909911 0.1236486486486487 0.47927927927927927
0 0.314695945945946 0.5765765765765765 0.051689189189189265 0.3351351351351351
0 0.3795608108108109 0.5900900900900902 0.09425675675675677 0.45225225225225224
0 0.5665540540540541 0.6045045045045044 0.06081081081081074 0.27567567567567575
0 0.6207770270270271 0.627927927927928 0.027364864864864846 0.19999999999999993
0 0.6750000000000002 0.5837837837837838 0.0486486486486487 0.28108108108108104
0 0.781418918918919 0.5774774774774776 0.05067567567567565 0.35855855855855867
0 0.8118243243243245 0.5513513513513513 0.08108108108108113 0.43963963963963953
0 0.9456081081081084 0.5693693693693693 0.07905405405405404 0.34594594594594597
