0 0.1347972972972973 0.5666666666666665 0.11756756756756756 0.5927927927927926
0 0.22043918918918926 0.6198198198198199 0.035472972972972985 0.09729729729729733
0 0.28226351351351353 0.5882882882882883 0.041554054054054074 0.13873873873873882
0 0.4003378378378379 0.5252252252252252 0.04864864864864863 0.18558558558558558
0 0.4677364864864865 0.6396396396396397 0.04358108108108112 0.2306306306306306
0 0.5016891891891891 0.5882882882882883 0.040540540540540564 0.2828828828828829
0 0.5386824324324325 0.5612612612612612 0.05979729729729733 0.4198198198198198
0 0.597972972972973 0.5855855855855856 0.04256756756756751 0.29909909909909915
0 0.652195945945946 0.5603603603603604 0.07398648648648638 0.46846846846846835
0 0.7043918918918919 0.5747747747747748 0.05675675675675663 0.4216216216216216
0 0.756587837837838 0.6018018018018018 0.04358108108108112 0.25585585585585574
0 0.8422297297297299 0.5855855855855856 0.06486486486486484 0.27747747747747753
0 0.9060810810810813 0.618018018018018 0.05878378378378386 0.22342342342342333
