0 0.08868243243243246 0.581081081081081 0.13682432432432434 0.5855855855855855
0 0.21841216216216217 0.6252252252252252 0.033445945945945965 0.07567567567567572
0 0.2782094594594595 0.5882882882882883 0.04358108108108109 0.13873873873873882
0 0.45557432432432443 0.6414414414414416 0.05574324324324323 0.22342342342342342
0 0.5381756756756758 0.6045045045045045 0.0445945945945946 0.3513513513513514
0 0.5630067567567568 0.5711711711711712 0.051689189189189196 0.4396396396396397
0 0.6182432432432434 0.5531531531531532 0.07094594594594589 0.47927927927927927
0 0.6815878378378379 0.5756756756756757 0.051689189189189334 0.41621621621621613
0 0.7307432432432434 0.5918918918918912 0.0527027027027028 0.24684684684684668
0 0.8265202702702703 0.5801801801801801 0.06790540540540534 0.30990990990990996
0 0.8847972972972974 0.6324324324324324 0.04054054054054063 0.2126126126126127
0 0.35320945945945953 0.527927927927928 0.01925675675675677 0.15135135135135144
0 0.36841216216216227 0.5396396396396397 0.025337837837837825 0.12072072072072075
