0 0.22652027027027033 0.6144144144144144 0.055743243243243264 0.11531531531531534
0 0.2934121621621622 0.5891891891891892 0.033445945945945965 0.14774774774774785
0 0.36790540540540545 0.591891891891892 0.07297297297297298 0.2792792792792793
0 0.5143581081081082 0.5963963963963964 0.05777027027027032 0.36756756756756764
0 0.58125 0.5936936936936936 0.05979729729729733 0.34414414414414407
0 0.7013513513513514 0.5900900900900901 0.10337837837837839 0.390990990990991
0 0.7854729729729732 0.6144144144144144 0.02432432432432435 0.10810810810810807
0 0.8006756756756758 0.6243243243243244 0.012162162162162104 0.08468468468468451
0 0.8260135135135136 0.6036036036036037 0.04054054054054049 0.13333333333333341
0 0.8761824324324325 0.5954954954954955 0.04358108108108098 0.17117117117117117
