0 0.17229729729729734 0.6045045045045044 0.06081081081081083 0.354954954954955
0 0.2219594594594595 0.5792792792792794 0.05878378378378379 0.4234234234234235
0 0.28125 0.5765765765765766 0.029391891891891894 0.10090090090090101
0 0.6253378378378379 0.581981981981982 0.08716216216216217 0.45765765765765765
0 0.6912162162162163 0.5459459459459459 0.09324324324324323 0.5945945945945945
0 0.7459459459459461 0.48018018018018016 0.03040540540540533 0.10270270270270274
0 0.761148648648649 0.6 0.04662162162162117 0.24864864864864838
0 0.8179054054054055 0.6351351351351352 0.03445945945945951 0.12072072072072075
0 0.8599662162162164 0.5891891891891892 0.06182432432432435 0.3171171171171172
0 0.904560810810811 0.5756756756756757 0.0375 0.23243243243243242
