0 0.03851351351351352 0.5612612612612612 0.07702702702702705 0.6108108108108109
0 0.2173986486486487 0.6243243243243243 0.027364864864864877 0.08828828828828833
0 0.2680743243243244 0.5855855855855855 0.039527027027027054 0.11891891891891887
0 0.31418918918918926 0.5315315315315315 0.020270270270270316 0.1549549549549549
0 0.3344594594594595 0.5477477477477477 0.03040540540540544 0.12612612612612614
0 0.3785472972972974 0.6567567567567568 0.03749999999999993 0.18918918918918912
0 0.40996621621621626 0.6288288288288288 0.04560810810810814 0.24144144144144142
0 0.5290540540540541 0.5756756756756757 0.038513513513513474 0.3297297297297297
0 0.5680743243243244 0.5684684684684684 0.06182432432432428 0.527927927927928
0 0.6430743243243245 0.5729729729729729 0.07398648648648652 0.45045045045045035
0 0.7160472972972974 0.600900900900901 0.05371621621621628 0.24684684684684682
0 0.8113175675675677 0.581981981981982 0.049662162162162245 0.28108108108108104
0 0.8635135135135136 0.6261261261261261 0.044594594594594666 0.21441441441441433
