0 0.13682432432432434 0.618018018018018 0.04864864864864865 0.28828828828828823
0 0.15557432432432436 0.591891891891892 0.02736486486486486 0.2720720720720721
0 0.20675675675675678 0.6666666666666667 0.03851351351351351 0.209009009009009
0 0.24932432432432436 0.645045045045045 0.0527027027027027 0.26306306306306304
0 0.3582770270270271 0.572072072072072 0.09831081081081088 0.4882882882882884
0 0.45304054054054077 0.5873873873873877 0.0952702702702704 0.42522522522522527
0 0.6136824324324326 0.6027027027027028 0.06182432432432428 0.25045045045045045
0 0.6927364864864866 0.6234234234234235 0.04560810810810807 0.20540540540540542
0 0.7195945945945948 0.5621621621621622 0.03445945945945951 0.28828828828828834
0 0.7692567567567569 0.5612612612612613 0.07297297297297291 0.4162162162162163
0 0.850337837837838 0.5738738738738739 0.05270270270270274 0.32972972972972975
