0 0.19256756756756763 0.5648648648648649 0.1175675675675676 0.5855855855855856
0 0.2898648648648649 0.5891891891891892 0.03851351351351351 0.1441441441441441
0 0.433277027027027 0.5477477477477481 0.04560810810810811 0.2126126126126127
0 0.5027027027027028 0.5684684684684685 0.08108108108108113 0.4450450450450451
0 0.552364864864865 0.5774774774774776 0.0445945945945946 0.27927927927927926
0 0.6359797297297298 0.5945945945945946 0.08209459459459452 0.327927927927928
0 0.6988175675675677 0.5648648648648646 0.07804054054054066 0.48468468468468445
0 0.7388513513513516 0.5864864864864865 0.06283783783783789 0.43423423423423424
0 0.8625000000000002 0.5828828828828828 0.056756756756756774 0.29369369369369364
0 0.9364864864864866 0.6225225225225226 0.056756756756756774 0.22522522522522523
