0 0.3207770270270271 0.5855855855855856 0.08817567567567569 0.436036036036036
0 0.2199324324324325 0.6153153153153155 0.024324324324324315 0.06666666666666686
0 0.48547297297297304 0.5783783783783784 0.07297297297297299 0.4972972972972973
0 0.5488175675675676 0.5504504504504504 0.12466216216216211 0.5927927927927928
0 0.6486486486486487 0.5702702702702703 0.030405405405405404 0.2648648648648648
0 0.6947635135135135 0.6225225225225225 0.033445945945945965 0.24324324324324323
0 0.7971283783783786 0.5864864864864865 0.061824324324324206 0.3225225225225226
0 0.8523648648648652 0.5954954954954955 0.0364864864864866 0.23963963963963955
0 0.9030405405405407 0.5675675675675675 0.03851351351351354 0.3855855855855856
0 0.9435810810810813 0.5639639639639639 0.09729729729729726 0.4612612612612612
