0 0.08918918918918921 0.6171171171171173 0.04256756756756758 0.30450450450450456
0 0.12618243243243246 0.5801801801801801 0.04358108108108107 0.2774774774774775
0 0.18141891891891895 0.6729729729729729 0.04864864864864863 0.19999999999999993
0 0.22246621621621623 0.6468468468468468 0.05574324324324323 0.25585585585585585
0 0.2994932432432433 0.5837837837837838 0.09222972972972979 0.500900900900901
0 0.4226351351351352 0.5945945945945946 0.1013513513513513 0.43963963963963965
0 0.593918918918919 0.5990990990990991 0.06283783783783775 0.254054054054054
0 0.654222972972973 0.6315315315315315 0.04155405405405411 0.19279279279279288
0 0.6957770270270273 0.5828828828828828 0.05777027027027032 0.30810810810810807
0 0.7505067567567568 0.5864864864864865 0.05371621621621628 0.32612612612612624
0 0.7961148648648648 0.545045045045045 0.07195945945945952 0.4450450450450451
0 0.8934121621621622 0.5711711711711712 0.08006756756756772 0.3639639639639639
