0 0.025844594594594598 0.6117117117117118 0.03952702702702703 0.31531531531531537
0 0.09527027027027028 0.664864864864865 0.03648648648648648 0.1873873873873874
0 0.13125000000000003 0.6423423423423423 0.02939189189189191 0.23963963963963963
0 0.1829391891891892 0.5927927927927927 0.10236486486486487 0.5189189189189188
0 0.24527027027027032 0.6 0.048648648648648665 0.3603603603603604
0 0.2989864864864865 0.5936936936936932 0.0790540540540541 0.43423423423423396
0 0.5158783783783785 0.5945945945945945 0.04662162162162162 0.26306306306306304
0 0.5589527027027028 0.6297297297297297 0.035472972972973055 0.18198198198198193
0 0.6243243243243244 0.5855855855855856 0.05270270270270274 0.29549549549549536
0 0.8761824324324325 0.5540540540540541 0.1125 0.40180180180180175
