0 0.043074324324324335 0.5756756756756757 0.07601351351351354 0.5459459459459459
0 0.09729729729729732 0.5873873873873875 0.060810810810810814 0.4648648648648649
0 0.16773648648648654 0.5963963963963965 0.07195945945945947 0.2846846846846847
0 0.2619932432432433 0.6 0.07601351351351351 0.37117117117117115
0 0.2954391891891892 0.5648648648648649 0.025337837837837895 0.11351351351351348
0 0.4611486486486487 0.5459459459459459 0.11554054054054057 0.6846846846846847
0 0.5168918918918919 0.38288288288288286 0.056756756756756774 0.33693693693693694
0 0.5847972972972973 0.5630630630630631 0.2108108108108108 0.8630630630630631
0 0.6871621621621621 0.545045045045045 0.1418918918918922 0.8018018018018017
0 0.7920608108108109 0.5981981981981982 0.05371621621621628 0.24864864864864866
0 0.8194256756756758 0.5603603603603604 0.05574324324324323 0.33513513513513515
0 0.867060810810811 0.5837837837837838 0.05371621621621628 0.32432432432432434
