0 0.09679054054054056 0.5693693693693693 0.12263513513513516 0.5297297297297298
0 0.1525337837837838 0.6054054054054054 0.0820945945945946 0.4900900900900901
0 0.21993243243243243 0.6009009009009009 0.06891891891891891 0.37297297297297294
0 0.30000000000000004 0.5711711711711712 0.02432432432432428 0.14054054054054063
0 0.3734797297297298 0.5486486486486486 0.12263513513513523 0.7153153153153152
0 0.45050675675675683 0.5603603603603604 0.13074324324324324 0.8792792792792793
0 0.5361486486486488 0.5567567567567567 0.12162162162162161 0.8
0 0.7910472972972974 0.6162162162162163 0.033445945945945965 0.10810810810810814
0 0.8224662162162162 0.6009009009009009 0.05777027027027017 0.2576576576576577
0 0.8574324324324326 0.5576576576576576 0.060810810810810946 0.354954954954955
0 0.921283783783784 0.5828828828828828 0.075 0.32972972972972975
