0 0.2189189189189189 0.6180180180180183 0.03648648648648637 0.09369369369369364
0 0.2711148648648649 0.5234234234234235 0.029391891891891894 0.13873873873873876
0 0.295945945945946 0.5441441441441441 0.04864864864864863 0.14054054054054055
0 0.3435810810810811 0.6630630630630631 0.030405405405405473 0.1945945945945946
0 0.38209459459459466 0.6477477477477477 0.05878378378378379 0.25045045045045045
0 0.4910472972972974 0.5711711711711712 0.04560810810810814 0.30630630630630634
0 0.5300675675675678 0.5792792792792791 0.06891891891891859 0.5063063063063062
0 0.6172297297297298 0.5855855855855856 0.06283783783783797 0.42882882882882883
0 0.6942567567567568 0.5810810810810811 0.05675675675675663 0.32972972972972975
0 0.7930743243243245 0.5855855855855856 0.047635135135135155 0.3171171171171171
0 0.8260135135135137 0.6252252252252252 0.04459459459459453 0.2126126126126126
