0 0.013682432432432435 0.6108108108108108 0.02736486486486487 0.28828828828828823
0 0.057770270270270284 0.6018018018018018 0.04864864864864865 0.29909909909909904
0 0.12972972972972976 0.6702702702702703 0.028378378378378387 0.20180180180180188
0 0.21334459459459462 0.5873873873873873 0.09222972972972976 0.4936936936936936
0 0.277195945945946 0.5990990990990991 0.04560810810810811 0.3657657657657658
0 0.3405405405405406 0.5927927927927928 0.07094594594594604 0.43243243243243235
0 0.541722972972973 0.609009009009009 0.0557432432432433 0.25945945945945953
0 0.5939189189189191 0.6297297297297295 0.036486486486486405 0.2
0 0.6491554054054056 0.5891891891891894 0.06385135135135153 0.2774774774774777
0 0.8143581081081082 0.5954954954954955 0.0638513513513513 0.35135135135135137
0 0.848310810810811 0.5612612612612612 0.07094594594594597 0.4234234234234233
0 0.9778716216216218 0.5612612612612612 0.044256756756756485 0.3657657657657657
