0 0.22500000000000003 0.6198198198198197 0.040540540540540564 0.09369369369369358
0 0.29645270270270274 0.5765765765765766 0.031418918918918876 0.11171171171171167
0 0.34763513513513516 0.563963963963964 0.06689189189189186 0.4144144144144144
0 0.4342905405405406 0.5864864864864865 0.0557432432432433 0.47747747747747743
0 0.46317567567567575 0.5351351351351351 0.09932432432432435 0.590990990990991
0 0.6131756756756758 0.5882882882882883 0.044594594594594736 0.29729729729729726
0 0.6739864864864867 0.6288288288288288 0.05067567567567565 0.24144144144144142
0 0.766216216216216 0.5882882882882883 0.07702702702702684 0.3621621621621621
0 0.8407094594594596 0.5891891891891892 0.049662162162162106 0.23783783783783774
0 0.9116554054054056 0.5666666666666668 0.12060810810810807 0.45225225225225224
