0 0.22145270270270273 0.6198198198198199 0.027364864864864877 0.09729729729729726
0 0.35016891891891894 0.5612612612612614 0.10236486486486485 0.6000000000000001
0 0.3131756756756757 0.5927927927927928 0.05675675675675674 0.45405405405405397
0 0.4094594594594595 0.581081081081081 0.07297297297297291 0.43423423423423413
0 0.443918918918919 0.5081081081081081 0.04864864864864863 0.12612612612612623
0 0.5341216216216218 0.5693693693693693 0.07094594594594604 0.29189189189189185
0 0.6207770270270272 0.6387387387387388 0.06385135135135143 0.2396396396396397
0 0.7216216216216216 0.5900900900900901 0.06283783783783789 0.3261261261261261
0 0.8270270270270271 0.5585585585585585 0.09121621621621628 0.48288288288288284
0 0.9152027027027029 0.5792792792792792 0.06486486486486484 0.29369369369369364
